123	
126	
382	
564	
2092	
2158	
2931	
2968	
3049	
3881	
4080	
4149	
4242	
4630	
4922	
5222	
5328	
5527	
5855	
6222	
6392	
6612	
6639	
6658	
6765	
6816	
7269	
7539	
7596	
7661	
7681	
7720	
7779	
8219	
8318	
8569	
8599	
8968	
9044	
9361	
10042	
10506	
10586	
10980	
11088	
11338	
11341	
11561	
11930	
12088	
12144	
12870	
12877	
12927	
13225	
13863	
14397	
14617	
14801	
15305	
15481	
15496	
15649	
15690	
15695	
15732	
15851	
15899	
15949	
16140	
16451	
16487	
16557	
16689	
16935	
17373	
17645	
17944	
17993	
18524	
18538	
19011	
19295	
19347	
19766	
19838	
19893	
19952	
20003	
20034	
20127	
20227	
20778	
20880	
