4	8	7	
6	9	31	
9	1	1404	
11	1	1248	
13	9	__none__	
14	11	__none__	
16	2	12446	
17	2	26	
19	13	531	
24	22	49	
25	23	1443907	
34	__none__	__none__	
36	32	352	
39	33	45	
42	37	77	
48	40	31910	
59	45	43110	
61	__none__	__none__	
66	17	4521	
72	25	__none__	
79	58	62853	
80	26	124	
85	59	154	
88	61	98	
90	58	1466832	
104	39	112	
108	72	111	
109	71	2585	
120	83	__none__	
123	78	183	
126	58	127	
129	48	__none__	
134	71	206	
145	87	__none__	
146	30	152	
163	83	170	
164	91	699	
173	83	516	
174	96	__none__	
175	2089740	__none__	
176	91	207	
180	2089740	539	
192	91	258	
194	60	197	
227	146637	2943318	
231	62	1812	
234	91	12202	
246	71	176741	
260	91	307	
263	61	607	
264	104	__none__	
265	105	266	
289	109	298	
308	106	360	
328	59	7488	
330	63	332	
336	61	339	
337	111	342	
361	115	362	
371	49	396	
382	122	384	
387	134	__none__	
402	136	2530953	
419	268	17396	
427	123	__none__	
438	136	77397	
469	147	3040	
470	71	473	
482	77	509	
502	147	7090	
514	151	519	
535	154	541	
549	136	477578	
561	157	794	
562	__none__	__none__	
564	25	566	
580	91	586	
588	172	633	
594	116	595	
601	__none__	602	
609	179	__none__	
622	184	623	
626	136	723	
644	191	665	
650	143	655	
651	192	725	
657	115	669	
683	199	57833	
696	204	704	
705	91	707	
709	111	713	
717	__none__	799	
742	189	33957	
746	192	__none__	
752	192	755	
761	214	762	
766	1384652	1619	
769	79	781	
773	207	7286	
805	232	894	
810	233	820	
826	101	97294	
832	224	837	
833	186	838	
835	91	1023	
845	238	849	
855	93	858	
871	203	875	
879	58	885	
888	131	890	
898	200	__none__	
904	34	911	
905	204	942	
930	245	951	
935	246	938	
944	233	1016	
947	243	1028	
972	145	2982	
1005	85	37042	
1010	67	1074	
1024	234	171170	
1033	87	1056	
1037	231	1039	
1040	254	1044	
1041	__none__	17198991	
1042	2	1061	
1053	13	394225	
1064	__none__	1096	
1069	257	1073	
1070	236	1773	
1083	260	42406	
1104	236	1109	
1108	264	1130	
1131	91	1135	
1145	188	1154	
1156	264	1157	
1160	120	975299	
1171	280	28705	
1176	25	1186	
1180	281	1232	
1189	258	1190	
1229	__none__	__none__	
1237	230	1243	
1241	194	1275	
1261	292	1272	
1276	30	1338	
1284	__none__	__none__	
1292	192	1305	
1300	91	1673	
1304	121	1309	
1306	302	1318	
1311	306	__none__	
1313	2089740	74033	
1314	312	1319	
1323	2089740	__none__	
1329	83	1339	
1376	26	__none__	
1383	314	1393	
1384	230	__none__	
1387	__none__	__none__	
1390	60	1394	
1401	149	1418	
1408	58	1421	
1409	26	27335	
1417	287	1425	
1451	106	1477	
1453	58	1456	
1457	331	1468	
1476	92	13107	
1496	136	1517	
1503	27	1514	
1505	83	3507075	
1508	149	1525	
1528	93	1556	
1535	332	2047	
1584	40	44389	
1598	83	3490980	
1600	230	1793	
1607	72	1666	
1610	328	1621	
1615	25	1628	
1623	230	1667	
1625	204	1627	
1644	91	__none__	
1669	340	1672	
1679	55	1704	
1683	350	3020	
1709	349	1724	
1711	303	__none__	
1734	59	1780	
1746	137	1749	
1760	234	1821	
1762	137	1771	
1790	194	2017	
1829	30	1852	
1836	172	1843	
1848	36	1856	
1854	116	1857	
1873	242	1886	
1898	81	__none__	
1908	79	1945	
1936	364	1940	
1949	51	5310	
1982	2090742	47086	
1983	116	2277	
1988	122	63737	
1994	195	__none__	
1995	51	2001	
2027	46	__none__	
2034	137	2036	
2041	269	2310	
2043	369	2044	
2046	372	7641	
2048	298	2080	
2056	358	101561	
2092	__none__	__none__	
2120	383	2382	
2123	193	2223	
2134	380	2183	
2138	373	2147	
2154	383	2335	
2155	371	2928	
2158	340	2245	
2196	192	2373	
2209	396	2233	
2214	395	3443	
2222	266	8753	
2232	25	2400	
2250	383	2258	
2256	379	2490	
2262	383	2268	
2267	111	__none__	
2279	149	2314	
2300	193	2312	
2308	383	2320	
2311	394	2316	
2328	67	4910	
2332	137	2333	
2348	193	2393	
2349	26	2360	
2366	402	__none__	
2384	143	__none__	
2405	307	2444	
2432	95	2462	
2447	__none__	__none__	
2472	116	2477	
2481	152	2511	
2482	311	2513	
2483	91	2487	
2486	277	2514	
2488	58	2495	
2509	303	2548	
2518	26	10020	
2524	417	151931	
2525	350	8739	
2527	428	2546	
2530	307	2531	
2540	136	2697	
2543	136	2564	
2550	308	2560	
2556	136	100758	
2563	307	2801	
2588	423	1780172	
2630	17	64636	
2639	434	2712	
2647	383	2657	
2649	434	2653	
2658	406	2668	
2688	432	2741	
2702	357	2736	
2709	434	__none__	
2711	45	2763	
2714	434	2715	
2732	75	11668996	
2742	304	__none__	
2750	435	2761	
2756	431	2762	
2765	443	2774	
2767	396	75338	
2770	447	2779	
2773	422	2883	
2775	434	3696991	
2778	415	2805	
2780	45	2789	
2785	33	2839	
2786	404	2944	
2798	116	2803	
2804	328	2808	
2809	437	2842	
2811	448	2825	
2815	116	2819	
2840	383	2843	
2844	432	2850	
2861	116	2866	
2871	206	2887	
2872	446	2901	
2873	381	2927	
2874	441	__none__	
2898	25	2905	
2900	454	2975	
2913	277	2918	
2914	434	2917	
2931	360	__none__	
2933	1384652	2937	
2942	100	3011	
2959	227	__none__	
2968	362	2985	
2970	58	2976	
2987	324	2992	
2988	861	2999	
2993	155	3012	
3004	364	3008	
3017	391	3029	
3021	358	__none__	
3027	439	__none__	
3033	219	3360	
3045	271	3053	
3049	462	3054	
3057	58	3062	
3058	358	3140	
3061	121	3071	
3067	291	__none__	
3075	404	3084	
3088	92	__none__	
3106	327	3119	
3112	219	3134	
3136	87	3139	
3143	253	880219	
3144	475	3146	
3147	380	__none__	
3150	370	35963	
3157	476	4449	
3163	22	10030	
3164	192	3218	
3180	479	3188	
3196	230	3197	
3213	383	3267	
3224	486	3225	
3230	370	10141	
3231	381	842632	
3234	231	14496	
3255	46	4852666	
3260	186	3288	
3272	377	5101	
3281	484	4270	
3284	493	3294	
3315	503	3316	
3319	383	3321	
3362	357	13130	
3385	384	10747	
3400	35	__none__	
3404	547	3409	
3408	514	166705	
3432	1384652	3466	
3437	308	20612	
3448	342	3492	
3452	437	34153	
3470	383	3473	
3486	527	3827	
3510	383	3511	
3512	517	3552	
3530	1388162	3543	
3544	30	3561	
3567	230	3578	
3585	124	3601	
3589	44	3609	
3607	58	370131	
3611	402	3618	
3615	534	__none__	
3625	549	102129	
3654	269	3655	
3666	26	__none__	
3667	556	29213	
3682	136	155901	
3713	557	3777	
3725	551	3776	
3739	__none__	__none__	
3748	514	__none__	
3757	404	3762	
3781	381	3782	
3790	560	3833	
3793	205	1704579	
3798	547	__none__	
3801	91	3824	
3802	59	3874	
3809	479	3812	
3823	423	3848	
3831	83	3855	
3839	547	3860	
3856	26	3880	
3859	1384652	3865	
3867	42	3941	
3868	163	3958	
3881	122	3886	
3894	76	3897	
3903	560	3911	
3927	121	100490	
3942	443	4238	
3975	162	5907	
3976	556	__none__	
3978	572	3998	
3984	571	418605	
3996	575	4043	
4004	525	__none__	
4034	571	4346	
4046	527	4902	
4051	381	4192	
4052	576	4139	
4062	1384652	4222	
4072	122	13738	
4080	235	79845	
4110	369	4126	
4138	83	4140	
4149	488	154588	
4151	453	__none__	
4157	551	4220	
4164	50	4209	
4168	588	4577	
4170	__none__	4204	
4208	55	4332	
4219	423	4228	
4221	519	__none__	
4225	364	4281	
4227	91	4735712	
4230	392	4244	
4234	590	4260	
4242	122	4247	
4246	162	4271	
4269	357	__none__	
4287	121	4304	
4303	358	4310	
4305	34	__none__	
4306	522	4311	
4314	358	4322	
4320	1525924	__none__	
4335	20207	13097	
4347	522	4597	
4363	396	4386	
4369	264	4385	
4371	131	4376	
4393	369	4401	
4416	404	4427	
4418	307	4431	
4430	349	12585	
4432	202	4441	
4433	51	4439	
4434	95	4443	
4458	100	7070	
4506	192	4527	
4508	227	38383	
4511	95	__none__	
4519	381	4691	
4529	267	4547	
4533	192	4540	
4541	501	106093	
4544	86	6996	
4545	383	4549	
4556	383	4562	
4565	486	__none__	
4582	609	__none__	
4610	383	4615	
4612	608	29283	
4617	287	4712	
4622	383	4626	
4627	383	4649	
4629	384	4637	
4630	287	478658	
4638	307	4650	
4661	274	4777	
4664	__none__	4672	
4665	406	4687	
4670	634	__none__	
4677	25	5453	
4684	91	4706	
4689	637	4704	
4724	381	4755	
4736	1384652	__none__	
4738	205	4746	
4752	636	97256	
4782	177	70009	
4785	527	__none__	
4794	26	4919	
4816	390	4821	
4824	75	4838	
4839	547	4877	
4849	618	__none__	
4850	41	5026	
4860	661	17014	
4870	483	__none__	
4880	323	__none__	
4884	547	13918	
4891	567	4908	
4911	350	5057	
4913	626	4924	
4922	670	5091	
4923	666	5156	
4930	668	__none__	
4939	193	5098	
4941	288	4964	
4942	1384652	4978	
4949	673	4965	
4954	518	4972	
4973	404	5103	
4986	673	4997	
4994	92	__none__	
4995	527	__none__	
5002	627	__none__	
5013	527	__none__	
5017	26	5266	
5024	277	5041	
5025	657	5031	
5027	681	5029	
5061	296	5070	
5071	422	5262	
5075	1384652	5079	
5078	318	5108	
5084	576	5089	
5087	682	1158483	
5102	556	__none__	
5118	5	5160	
5134	563	1198468	
5136	676	5302	
5142	431	__none__	
5170	383	5270	
5179	111	5219	
5188	326	5192	
5194	439	5199	
5222	429	5224	
5223	147	6700	
5226	383	5293	
5242	572	5246	
5251	573	__none__	
5260	106	__none__	
5263	173	24472	
5264	326	5273	
5269	357	5276	
5307	398	5317	
5313	680	__none__	
5323	556	__none__	
5328	122	5351	
5329	327	5403	
5349	556	6192	
5374	312	5469	
5396	691	5481	
5415	680	73281	
5419	207	5430	
5425	219	5441	
5428	659	5439	
5459	117	19601	
5460	590	5462	
5473	85	21778	
5482	698	5500	
5494	697	12519	
5507	861	5524	
5509	159	81892	
5511	615	7794	
5527	122	5532	
5544	364	14474	
5598	699	6100	
5600	615	5607	
5605	617	__none__	
5606	463	5752	
5611	115	5820	
5619	__none__	5626	
5628	653	30573	
5629	653	14192	
5649	703	5756	
5667	164	80353	
5674	257	11544702	
5682	117	5693	
5690	364	5699	
5694	493	5695	
5704	143	__none__	
5706	364	5709	
5724	108465	5823	
5727	568	5754	
5741	711	__none__	
5743	327	5771	
5759	713	5761	
5787	383	5788	
5791	133	5837	
5802	191	5812	
5821	383	5822	
5831	267	5878	
5842	726	9200	
5846	1384652	5848	
5855	728	6687	
5857	730	5860	
5863	377	15966	
5872	58	5887	
5874	556	__none__	
5876	726	__none__	
5880	721	5885	
5892	342	5903	
5894	733	5906	
5908	71	5914	
5909	394	5985	
5913	1384652	5947	
5916	396	7767	
5918	482	5984	
5948	383	587244	
5949	726	5963	
5966	745	10778	
5982	22	__none__	
5997	445	6018	
6007	230	10383	
6009	556	6017	
6076	225	7740	
6080	758	6088	
6085	755	6514	
6110	754	6120	
6113	702	6117	
6126	1384652	6140	
6130	763	6144	
6134	726	10525736	
6151	327	6200	
6155	204	__none__	
6173	322	6183	
6184	756	6211	
6207	770	281143	
6208	257	6258	
6209	__none__	6223	
6210	721	6213	
6222	235	7877	
6284	721	7167	
6301	56	6320	
6325	56	6333	
6326	722	6355	
6340	58	6349	
6369	779	10838	
6371	763	6380	
6373	56	6424	
6378	326	8431	
6392	122	6496	
6406	576	6412	
6414	357	6417	
6430	785	6435	
6440	560	6445	
6441	232	6868	
6467	527	3125174	
6475	527	__none__	
6484	307	6716	
6499	784	6531	
6512	658	6566	
6530	233	6534	
6547	797	6565	
6557	797	6567	
6578	797	6614	
6579	__none__	6588	
6594	796	6617	
6607	27687	6620	
6612	27687	6655	
6613	27687	15811	
6623	361	27317	
6628	103	6649	
6633	796	6694	
6639	816	__none__	
6642	810	6645	
6658	782	6671	
6661	1384652	6662	
6666	831	7005	
6681	832	6704	
6703	718	6748	
6719	133	6720	
6729	770	6738	
6732	257	6766	
6765	837	6902	
6778	247	26040	
6785	493	6824	
6811	25	__none__	
6812	854	6821	
6816	797	6840	
6817	852	6929	
6847	381	6862	
6859	770	6863	
6890	636	7101	
6891	380	6916	
6899	799	6980	
6904	631	2401184	
6913	863	6981	
6915	755	6955	
6926	91	7039	
6932	571	3011043	
6937	396	6940	
6957	116	7458	
6973	752	6987	
7015	493	7020	
7017	814	32564	
7031	876	7087	
7034	404	2366237	
7035	369	7068	
7074	571	7077	
7084	888	13858	
7089	889	7098	
7095	373	7105	
7118	889	7129	
7173	917	__none__	
7174	886	7303	
7180	274	7188	
7190	371	7221	
7209	209	119880	
7211	916	__none__	
7212	266	8886	
7214	916	7235	
7224	__none__	7225	
7231	925	7499	
7237	799	178509	
7244	905	1409873	
7245	758	7258	
7252	573	7274	
7260	889	9095	
7269	931	46902	
7272	145	__none__	
7277	755	7292	
7284	198	7320	
7287	573	7296	
7348	636	7351	
7364	277	7455	
7367	945	7399	
7398	737	26994	
7440	889	20754	
7470	150	__none__	
7472	856	7479	
7477	841	7523	
7489	813	13384	
7492	556	__none__	
7503	234	7512	
7517	797	25741	
7525	61	7695	
7535	708	7547	
7539	959	7561	
7540	122	7570	
7551	541	7618	
7558	__none__	__none__	
7579	961	9424260	
7586	__none__	7590	
7592	518	7643	
7596	917	13283	
7603	886	__none__	
7614	342	__none__	
7622	973	7636	
7642	133	7644	
7651	381	7657	
7652	493	7710	
7661	706	32551	
7662	383	7724	
7664	912	7669	
7665	893	7666	
7674	137	8982	
7676	230	__none__	
7681	972	7688	
7685	608	__none__	
7694	230	__none__	
7707	979	881597	
7719	194	7840	
7720	998	149971	
7726	137	__none__	
7737	1007	7950	
7758	93	8461	
7773	1013	7777	
7779	791	28154	
7837	1013	__none__	
7846	572	7853	
7851	840	__none__	
7864	751	8215	
7873	__none__	__none__	
7880	432	7886	
7884	1030	7892	
7885	432	8668	
7913	1031	7924	
7917	402	8113	
7933	1030	7936	
7937	268	13197	
7940	428190	7945	
7954	383	8034	
7973	673	7999	
7981	25	8035	
7990	96	8112	
7991	194	8097	
8004	1027	8090	
8021	742	10266397	
8042	905	38494	
8050	383	8061	
8066	721	8086	
8087	1035	8100	
8106	380	8116	
8107	999	8115	
8127	982	8189	
8128	17	8130	
8140	277	8157	
8142	380	8152	
8145	685	8161	
8147	193	8289	
8154	736	46442	
8166	547	8184	
8213	727	8220	
8214	708	31514	
8219	782	8226	
8223	72	8232	
8228	703	8900	
8236	432	8384	
8263	179	8347	
8276	923	8310	
8284	519	8299	
8306	277	8315	
8318	1054	8322	
8348	940	8366	
8351	680	8360	
8355	277	12069	
8365	547	23804	
8371	547	8380	
8398	396	8433	
8422	571	402856	
8435	733	8436	
8439	233	12283	
8441	57	8454	
8443	257	__none__	
8447	580	8480	
8448	580	8468	
8451	716	8486	
8452	580	8471	
8472	1	8637	
8485	364	49184	
8493	459	15363	
8496	708	49629412	
8508	459	8515	
8517	459	36791	
8532	459	9085	
8545	1063	8559	
8546	195	8553	
8549	1065	8580	
8566	551	__none__	
8569	834	13367	
8585	143	8593	
8599	974	8655	
8604	33	__none__	
8612	2759376	8616	
8624	982	8654	
8625	832	8633	
8626	1065	4068900	
8648	254	__none__	
8651	383	8687	
8653	1076	8656	
8669	1030	9319	
8676	475	110153	
8685	1149	113115	
8688	1075	12447	
8691	194	8706	
8692	__none__	__none__	
8704	1042	192733	
8715	908	__none__	
8722	51	__none__	
8726	572	8794	
8728	1008	161214	
8742	1108	8764	
8747	614	8767	
8748	1061	8771	
8756	267	8776	
8761	1078	8804	
8763	1108	8777	
8790	292	8805	
8795	1109	8859	
8800	61	8811	
8807	31505	8899	
8830	738	__none__	
8832	1025	12062	
8849	1048	9730	
8864	58	8869	
8876	31505	8882	
8880	672	8888	
8893	733	8906	
8894	277	10140	
8896	1107	2356710	
8919	178	8928	
8939	1088	205936	
8940	1111	8996	
8941	832	8956	
8948	145	__none__	
8950	509	__none__	
8952	565	8960	
8966	1124	107940	
8968	1126	9404	
8970	85	__none__	
8987	940	8993	
9002	162	9875	
9009	238	9011	
9018	636	9403	
9019	1030	941940	
9022	296	9356	
9024	614	9031	
9033	31505	__none__	
9044	122	275353	
9052	428190	9054	
9072	67	204732	
9081	116	9083	
9091	571	__none__	
9104	232	9105	
9122	44	1495476	
9136	767	9706	
9143	205	__none__	
9161	71	9176	
9173	1135	559613	
9191	755	9826	
9204	578	__none__	
9228	357	9233	
9231	538	9260	
9240	__none__	9502	
9256	905	16362	
9272	1146	971143	
9275	1104	9325	
9279	302	9287	
9289	268	9297	
9301	1100	__none__	
9303	889	9306	
9304	91	9310	
9314	234	9387	
9321	432	9328	
9336	296	9533	
9338	1063	9374	
9341	233	9365	
9355	234	3011284	
9361	318	16650	
9372	1157	9380	
9376	1083	34033	
9383	1154	9384	
9409	952	9426	
9410	432	9413	
9433	327	9453	
9434	233	688199	
9435	648	31805	
9455	204	113793	
9467	699	9474	
9472	493	9531	
9473	67	9481	
9486	327	9491	
9501	__none__	__none__	
9508	419	9526	
9543	960	9643	
9570	1163	10888	
9589	1007	12064	
9591	1094	9919	
9601	376	9630	
9612	982	9638	
9614	844	9635	
9615	837	__none__	
9629	2090742	__none__	
9632	900	2523372	
9650	1084	__none__	
9666	1016	9788	
9667	887	9670	
9673	493	9685	
9675	1182	9692	
9687	1097	__none__	
9693	1185	9732	
9702	1193	9857	
9704	1042	9708	
9729	1196	22058	
9734	383	9747	
9745	194	11793	
9749	834	__none__	
9750	123	__none__	
9751	1013	15415	
9769	1109	__none__	
9783	1213	9798	
9805	383	9851	
9831	1491425	12910	
9836	2347826	9848	
9846	750	10301	
9877	572	9903	
9882	__none__	12466	
9905	1185	20225	
9926	1175	20736	
9928	__none__	__none__	
9932	1217	9957	
9938	263	9972	
9974	1219	9996	
9977	1226	10045	
10006	313	10162	
10038	1384652	10054	
10042	571	25311	
10043	503	__none__	
10059	__none__	10555	
10061	571	__none__	
10071	636	10157	
10072	__none__	10077	
10083	1190	10107	
10088	327	10180	
10098	1220	10192	
10123	742	10129	
10149	92	10161	
10158	64	__none__	
10190	373	10194	
10205	__none__	10262	
10228	204	10321	
10229	380	10484	
10230	288	10233	
10243	326	10255	
10260	203	10811	
10274	380	10287	
10293	567	9320380	
10300	203	45655	
10303	571	__none__	
10308	763	10461	
10309	1143	10338	
10313	1245	30296	
10314	1043	11994	
10323	1190	10350	
10324	__none__	10327	
10349	337	10359	
10366	521	11197	
10412	354	10423	
10435	781	267243	
10443	432	__none__	
10456	1147	10463	
10458	__none__	__none__	
10475	841	10479	
10477	1256	10538	
10478	722	10502	
10486	906	10513	
10499	116	29807	
10506	122	10549	
10515	115	10519	
10524	708	718366	
10531	859	__none__	
10532	305	10542	
10533	872	10573	
10564	437	773973	
10575	1219	__none__	
10580	1190	10587	
10586	797	10713	
10595	1263	11958	
10599	730	11467	
10604	150	10617	
10610	805	10646	
10616	285	10623	
10634	1220	10737	
10635	1220	10638	
10644	147	10655	
10658	519	__none__	
10661	209	11290	
10668	1114	__none__	
10670	209	10714	
10680	1084	10686	
10727	116	10818	
10731	116	10820	
10752	122	__none__	
10782	481	10786	
10793	1269	12055	
10798	831	10802	
10808	841	3867490	
10810	966	12106	
10819	224	2663232	
10822	1271	10824	
10825	993	10826	
10848	__none__	__none__	
10855	445	11593	
10860	377	10875	
10870	1109	__none__	
10872	1384652	10882	
10877	486	486662	
10880	1007	10890	
10891	1075	10914	
10898	162	21550	
10901	1169	11004	
10905	905	10907	
10915	1284	11164	
10919	383	10922	
10926	1290	__none__	
10933	905	10988	
10935	1100	10969	
10949	987	__none__	
10980	96	16662	
10985	1304	11299	
10990	1153	11005	
10999	1122	11034	
11028	1030	11044	
11043	637	11053	
11045	767	12018	
11055	543	11080	
11060	912	11074	
11085	166	64160	
11088	1309	11101	
11099	1185	11107	
11112	1175	2028892	
11127	179	11132	
11135	1311	11188	
11141	__none__	11146	
11145	1311	12120	
11152	__none__	__none__	
11194	1204	11203	
11199	299	11215	
11200	26	11240	
11219	160	11238	
11263	1192	11271	
11267	832	11307	
11275	1154	11421	
11279	305	11297	
11288	1346	23933	
11291	1344	11312	
11305	895	11325	
11311	299	11323	
11318	322	11404	
11330	432	__none__	
11333	1124	1976173	
11338	1318	__none__	
11341	1104	13431	
11345	64	149088	
11359	327	92557	
11381	1030	11413	
11405	112	11414	
11423	1356	11428	
11430	1194	11436	
11439	1360	11447	
11460	1154	11472	
11462	730	4500707	
11491	1366	11502	
11500	149	11521	
11514	1318	53412	
11516	317	12138	
11520	1327	11529	
11532	1142	14625	
11561	1310	11619	
11562	1366	2684544	
11574	1019	230204	
11585	383	11641	
11586	322	11617	
11612	1014	11646	
11615	1370	11618	
11620	1341	11624	
11632	337	11663	
11635	1366	315463	
11665	26	12310	
11676	1368	11688	
11680	1048	11712	
11686	1343	11728	
11689	1190	11694	
11690	337	11700	
11699	580	__none__	
11720	1341	24369	
11724	459	12989	
11734	1254	11735	
11740	1336	32476	
11761	1381	11826	
11762	369	26283	
11764	1380	11770	
11767	234	11775	
11782	831	__none__	
11783	34	__none__	
11801	748	11803	
11804	493	920922	
11806	889	448051	
11809	362	11815	
11820	26	11832	
11831	1366	__none__	
11854	1256	11935	
11857	1117	__none__	
11878	285	11932	
11879	391	11899	
11887	1254	11898	
11903	257	13820	
11915	571	11920	
11919	1392	11924	
11926	105	11957	
11930	338	12030	
11950	1130	11967	
11964	1220	11973	
11974	1396	12057	
11975	1220	11983	
11986	1396	32898	
12008	298	12047	
12009	115	12032	
12023	322	12024	
12039	__none__	__none__	
12045	276	12054	
12051	493	12052	
12075	1078	12080	
12088	834	12133	
12095	2083160	12119	
12103	274	12108	
12107	982	12114	
12135	905	12160	
12140	1037	12185	
12141	990	__none__	
12142	968	12441	
12144	1030	12256	
12159	912	__none__	
12176	194	12189	
12225	730	16718	
12243	1212	12247	
12268	__none__	12274	
12271	214	12491	
12290	2099426	15488	
12294	1311	12295	
12297	83	12373	
12304	1219	__none__	
12306	767	12342	
12319	268	265407	
12330	__none__	12381	
12332	__none__	12408	
12348	1418	12349	
12368	1271	12394	
12369	__none__	__none__	
12374	1078	25204	
12385	93	12436	
12397	475	19051	
12401	1432	3003400	
12406	5	12424	
12428	849	__none__	
12476	1220	12484	
12482	702	462529	
12489	432	__none__	
12492	1448	12534	
12501	1463	__none__	
12509	1450	12586	
12516	25	12861	
12523	1455	12540	
12533	1219	12548	
12556	1341	16222	
12565	1470	13935	
12569	12081	12571	
12576	115	12584	
12578	501	47130	
12591	207	__none__	
12592	742	12609	
12593	1254	12596	
12594	179	12599	
12603	1463	12606	
12611	1368	__none__	
12612	1470	12707	
12613	680	12538719	
12633	1467	12677	
12638	428190	__none__	
12642	1478	12691	
12647	872	28589	
12656	1344	13092	
12657	1249	12735	
12661	1477	12822	
12669	322	12693	
12671	1373	12700	
12692	1050	12713	
12702	940	42332	
12706	109	12719	
12709	1414	16269	
12716	814	12751	
12718	672	12744	
12720	1484	12728	
12765	__none__	12769	
12768	1469	12789	
12774	404	12778	
12794	311	12983	
12807	1490	14604	
12815	1247	__none__	
12823	350	12875	
12836	489	12935	
12843	814	20591	
12855	122	__none__	
12865	814	12879	
12870	172	12878	
12877	484	12959	
12890	1430	12950	
12896	314	12965	
12905	9	31828	
12906	296	12915	
12927	791	12961	
12929	255	12945	
12936	40	16749	
12946	1368	12979	
12982	1436	19726	
13000	103	13003	
13021	784	13193	
13039	1036	__none__	
13049	905	13275	
13055	905	25324	
13060	905	13100	
13086	770	13098	
13087	1521	__none__	
13106	886	13111	
13109	1532	13113	
13128	1536	13140	
13154	1368	__none__	
13160	1130097	13164	
13170	1185	13255	
13200	1190	13318	
13204	1450	13220	
13213	1407	13218	
13217	1478	16648	
13224	1130097	13228	
13225	1557	13381	
13254	1353	13268	
13279	905	47187	
13293	1384652	13369	
13299	1573	136925	
13343	1554	13370	
13345	__none__	13351	
13347	770	13375	
13348	1581	13352	
13353	143	13358	
13362	1384	13365	
13396	1266	13435	
13409	1554	13412	
13430	1233	13759	
13434	100	13438	
13454	__none__	__none__	
13460	1256	13465	
13470	430	13484	
13471	__none__	__none__	
13473	522	13481	
13485	1436	13495	
13498	27687	13505	
13518	1455	13521	
13524	1463	__none__	
13537	1266	13552	
13540	1463	13554	
13545	1463	16139	
13550	1130097	13668	
13561	481	__none__	
13569	137	__none__	
13578	1596	13600	
13586	1344	13605	
13589	91	32081	
13594	1536	__none__	
13599	1154	13613	
13607	3180	13618	
13615	1154	4807469	
13620	314	13665	
13647	33	13663	
13655	__none__	13657	
13678	1615	13746	
13698	1622	13777	
13704	__none__	13726	
13708	1542	13719	
13718	1013	13735	
13725	1043	13742	
13731	1632	__none__	
13745	1629	13756	
13751	__none__	__none__	
13753	1635	13972	
13763	184	14782	
13765	1358	13797	
13768	48281	13923	
13775	1638	__none__	
13786	184	13930	
13791	1370	13943	
13806	1646	13870	
13832	1638	__none__	
13848	1463	13861	
13851	__none__	13854	
13857	1649	141426	
13863	1651	__none__	
13881	1266	__none__	
13893	483	526939	
13927	1512	14054	
13938	446	13969	
13941	1615	13949	
13963	61	13990	
13981	14446	__none__	
14008	877	1030053	
14029	369	40687	
14031	1680	14129	
14032	1665	14598	
14040	1541	14070	
14061	615	14337	
14087	1599	__none__	
14106	1599	14137	
14118	__none__	14124	
14126	1630	14127	
14135	1599	14154	
14138	1630	72787	
14155	1632	__none__	
14165	1630	14169	
14209	1659	__none__	
14241	1659	14369	
14247	266	14261	
14263	961	14795	
14264	1630	14265	
14271	1630	14272	
14278	1534	14282	
14281	1448	14320	
14287	1630	14290	
14297	1630	14298	
14300	887	14313	
14303	1013	14377	
14308	914	14327	
14310	1630	14311	
14318	1630	14319	
14330	1630	14331	
14344	1630	14346	
14350	1228206	14404	
14358	1630	14360	
14359	1111	14362	
14364	1630	14365	
14370	1630	14371	
14373	1431	14411	
14375	1407	__none__	
14378	1630	14379	
14386	1630	14387	
14389	745	14391	
14395	1122	__none__	
14397	1720	14441	
14398	982	15428	
14402	1630	14403	
14410	745	14489	
14413	1630	14414	
14422	745	14507	
14432	194	14462	
14435	1703	__none__	
14443	2759376	14454	
14451	1724	14472	
14453	1727	19672	
14464	1006	14591	
14491	1743	8768957	
14495	1741	14773	
14497	631	49653	
14504	1659	14513	
14505	194	14525	
14527	274	16414	
14530	1683	28992	
14545	14446	__none__	
14552	1545	14703	
14569	1693	14594	
14570	1013	14595	
14577	1030	14699	
14582	1339	14630	
14588	1492	14621	
14611	1753	14676	
14614	1108	14683	
14617	1769	15937	
14618	1077	14640	
14634	572	14648	
14646	123	24826	
14656	__none__	14681	
14674	1193	__none__	
14697	1414	17637	
14698	1733	23585	
14708	1351	__none__	
14712	__none__	__none__	
14717	1212	14766	
14731	1469	8931490	
14756	1545	__none__	
14760	1739	15335	
14770	1752	14787	
14775	1632	14856	
14791	730	14815	
14801	1793	15279	
14823	1247	__none__	
14828	1795	__none__	
14837	242853	14908	
14843	1169	14859	
14857	1414	96161	
14872	1659	39514	
14873	1339	14972	
14874	1043	66556	
14884	58	14899	
14893	1734	15011	
14909	619	14921	
14911	1776	114334	
14923	83	36833	
14934	__none__	14946	
14943	1375	14960	
14963	1463	15098	
14967	1816	14974	
15007	__none__	15037	
15015	877	15069	
15023	__none__	__none__	
15024	1795	15035	
15034	1365	15055	
15040	1771	15683	
15047	1752	15207	
15053	1533	__none__	
15056	1185	__none__	
15057	1795	15060	
15062	636	15136	
15066	271	15071	
15087	1749	__none__	
15102	805	16690	
15109	1743	15286	
15124	361	15134	
15133	942	16431	
15139	1323	15234	
15142	1463	15277	
15163	863	15591	
15171	479	7989517	
15176	1836	15198	
15187	1412	__none__	
15190	__none__	__none__	
15203	1363	15271	
15204	1224	15210	
15211	170	85541	
15219	810	18507	
15228	5	15239	
15240	1841	15269	
15241	1116	15323	
15247	116	17132	
15254	1739	15343	
15266	544	2195434	
15272	163	15904	
15302	1538	15324	
15305	1849	15367	
15310	1644	__none__	
15315	__none__	__none__	
15326	1797	__none__	
15334	1670	15886	
15349	1043	15450	
15365	1858	__none__	
15366	305	15368	
15376	1370	224568	
15390	1848	15402	
15395	1855	__none__	
15398	__none__	__none__	
15399	__none__	__none__	
15412	708	15432	
15414	369	15420	
15423	883	15437	
15470	692	15474	
15478	1873	__none__	
15481	1870	15658	
15486	493	15494	
15496	486	__none__	
15504	1463	15508	
15513	1767	18052	
15514	700	15677	
15537	257	15577	
15573	447	__none__	
15583	430	__none__	
15593	1875	15627	
15621	1511	15651	
15632	1580	17103	
15635	1881	__none__	
15649	1659	15667	
15656	1580	__none__	
15674	1339	230005	
15678	470	15724	
15681	1875	15697	
15687	307	16020	
15690	1650	15702	
15694	708	15746	
15695	1666	16385	
15700	1886	__none__	
15708	1848	15722	
15709	61	__none__	
15716	788	15803	
15729	1693	__none__	
15731	26	26865	
15732	1650	16054	
15734	1890	775195	
15744	1888	15758	
15774	1888	157767	
15784	718	__none__	
15788	1888	15819	
15798	446497	15931	
15805	1596	15808	
15815	1580	15919	
15816	1084	1083668	
15822	1006	__none__	
15828	838	16051	
15838	381	15846	
15851	1870	15946	
15857	192	__none__	
15871	1895	15877	
15880	39	19859	
15899	86	16019	
15900	1122	__none__	
15917	1122	142767	
15949	22	16168	
15954	1658	__none__	
15979	1448	__none__	
15995	1448	__none__	
16003	1738	16175	
16007	1762	16039	
16064	1688440	16095	
16067	199	1661276	
16073	1744	16085	
16074	1749	__none__	
16096	93	167308	
16097	1353	16101	
16100	203	16104	
16110	1629	16130	
16113	277	16696	
16114	1629	16134	
16140	765	16817	
16142	914	16163	
16145	1533	__none__	
16155	58	16245	
16161	259	290184	
16164	834	16746	
16167	1830	16182	
16178	285	16229	
16199	1491425	16304	
16209	982	16238	
16233	1000	16255	
16248	1169	35683	
16265	__none__	16335	
16298	117	16311	
16306	41	16318	
16317	1223	__none__	
16320	1463	__none__	
16322	493	__none__	
16326	1414	22404	
16330	1946	33604	
16340	1948	__none__	
16363	1940	16390	
16396	1165587	20786	
16402	652	16416	
16403	1948	16546	
16406	1956	__none__	
16413	149	16444	
16432	920	18342	
16434	277	129435	
16443	1936	__none__	
16447	1311	16465	
16451	1958	711398	
16458	666	137090	
16460	1801	16500	
16473	__none__	16484	
16483	164	16534	
16487	1969	1449595	
16491	1545	16502	
16501	1344	16509	
16517	1683	16519	
16529	1951	16549	
16550	1464	16564	
16556	1782	23837	
16557	1104	16573	
16563	428190	__none__	
16568	1944	16777	
16610	1219	__none__	
16611	1894	__none__	
16615	1849	22910	
16616	1989	16622	
16634	162	16655	
16638	1992	16720	
16656	1632	16787	
16657	1063	16679	
16660	1194	16761	
16689	__none__	__none__	
16704	1463	__none__	
16716	1838	16730	
16727	__none__	__none__	
16747	1549	25606	
16759	572	16785	
16762	2007	__none__	
16770	1659	16810	
16792	1975282	16806	
16795	1366	16802	
16804	733	297256	
16808	1624	16811	
16815	1912	16818	
16828	1797	16837	
16829	2017	__none__	
16832	1185	16870	
16833	1786	16856	
16860	149	16894	
16861	2019	__none__	
16873	381	16903	
16891	1789	17187	
16897	2015	17642	
16918	2018	16951	
16926	744	330236	
16935	2024	19782	
16939	1048	16967	
16940	230	__none__	
16945	__none__	__none__	
16963	1368	__none__	
16964	614	17024	
16965	2018	__none__	
16969	2009	16980	
16970	1043	17565	
16971	1976	16977	
16991	2018	17010	
16998	2047	17236	
17017	2029	17021	
17020	1633	17048	
17032	1853	17042	
17054	868	17062	
17056	1925	18226	
17057	1929	17068	
17085	578	__none__	
17098	1851	__none__	
17106	1428	28121	
17108	1363	17120	
17117	342	19609	
17125	1782	1692705	
17127	1323	67969	
17140	432	__none__	
17170	1560	17295	
17172	40	17178	
17175	5	17218	
17181	1556	__none__	
17194	1199387	17290	
17225	432	17293	
17228	1449	__none__	
17231	1438	17367	
17250	394	__none__	
17269	1647	17284	
17274	1110	__none__	
17289	2056	17323	
17299	522	17312	
17320	1880	17345	
17333	2057	__none__	
17352	803	17390	
17359	1339	9524359	
17370	1630	17371	
17373	338	27791	
17376	338	17414	
17387	209	222016	
17411	__none__	__none__	
17430	718	__none__	
17434	716	17443	
17435	1693	__none__	
17469	432	17589	
17483	1366	17486	
17500	2074	158065	
17508	1630	__none__	
17532	832	17542	
17533	1147	90442	
17561	1762	17616	
17576	718	__none__	
17586	1556	__none__	
17609	__none__	17617	
17612	580	17620	
17624	364	17627	
17645	86	17649	
17653	1483	17665	
17664	91	17698	
17670	379	17683	
17679	1039	17859	
17681	267	__none__	
17704	580	17709	
17715	1951	17730	
17717	1693	__none__	
17721	446497	22796	
17725	832	17745	
17732	2095	__none__	
17735	1951	17738	
17770	1693	__none__	
17772	905	17807	
17781	277	__none__	
17785	194	17809	
17786	1912	17793	
17795	2104	17801	
17806	2078	2137718	
17817	1912	17822	
17825	1683	17833	
17840	1190	27699	
17845	1730	41264	
17870	2116	17872	
17877	785	17923	
17878	493	17977	
17880	1854	19571	
17893	745	17933	
17906	2122	18026	
17911	1306	__none__	
17922	1853	3672519	
17928	1781	21773	
17939	1765	92215	
17944	2084	17974	
17947	673	17978	
17948	2173	18056	
17955	__none__	__none__	
17960	419	5625350	
17965	1084	17994	
17966	26	26573	
17980	2128	17989	
17984	1185	19549	
17993	738	__none__	
18006	2084	18033	
18010	781	18027	
18034	1310	18062	
18035	486	__none__	
18059	42	1493026	
18075	292	18087	
18077	2114	19329	
18080	2086	2515243	
18082	29	1830844	
18093	1965	18877	
18097	1463	18109	
18104	1311	__none__	
18119	__none__	18490	
18132	64	__none__	
18166	204	18287	
18167	1124	__none__	
18172	2144	19606	
18194	2147	18211	
18197	770	18263	
18199	2059	18221	
18216	71	18239	
18223	741	18229	
18224	1946	18231	
18250	__none__	__none__	
18253	2150	23076	
18265	954	18406	
18272	770	18336	
18284	1429	18307	
18290	1450	18344	
18291	1461	18516	
18292	1946	18370	
18298	26	18322	
18305	925	18315	
18324	__none__	__none__	
18326	1223	__none__	
18348	1456	18352	
18391	840	18396	
18407	392	18416	
18413	1097	18471	
18418	1892	18435	
18419	1290	__none__	
18421	229	18456	
18432	2156	18502	
18448	1256645	18484	
18449	2056	18607	
18450	2018	93952	
18460	2172	18469	
18465	149	18523	
18505	324	18756	
18524	916	18529	
18533	111	18539	
18538	2031	5645413	
18584	1130097	18718	
18585	229	19056	
18601	1473493	18771	
18606	572	18647	
18608	327	18616	
18614	230	__none__	
18617	1310	18623	
18632	2011	18635	
18655	1219	__none__	
18661	838	__none__	
18671	534	6000355	
18675	1632	21743	
18676	225	18680	
18685	184	18693	
18696	2078	18714	
18700	914	18712	
18702	1130097	18750	
18705	829	19071	
18717	184	18723	
18719	1043	__none__	
18754	2185	18831	
18757	1851	__none__	
18764	357	18906	
18765	2191	18786	
18772	31505	18796	
18783	357	__none__	
18787	105	31726	
18803	2134	18839	
18836	1438	18837	
18858	2118	__none__	
18861	428190	18884	
18869	1449	__none__	
18889	1975	18902	
18912	238	6921193	
18918	1013	7394935	
18920	1858	18924	
18932	357	18949	
18943	199	__none__	
18952	1293	18977	
18955	685	20255	
18959	2206	18975	
18984	1588	19179	
18985	486	27343	
19011	270	62837	
19014	536	20468	
19030	745	21302	
19035	1992	19348	
19047	234	19053	
19058	1782	19061	
19089	233	19109	
19096	1463	__none__	
19113	1043	19128	
19122	306	19383	
19127	364	19199	
19132	__none__	19224	
19147	483	522874	
19151	145	24377	
19162	1852	19171	
19173	2031	23208	
19185	1185	19188	
19193	2222	19255	
19201	1965	__none__	
19236	1965	19309	
19245	1100	19396	
19280	184	19290	
19294	1894	19306	
19295	1310	19308	
19314	1436	19344	
19318	419	19328	
19339	680	19343	
19347	396	19372	
19349	49	19367	
19353	536	19373	
19355	708	19361	
19358	446497	34213	
19387	2237	19392	
19388	2238	19403	
19401	1478	__none__	
19409	61	19453	
19412	473	19419	
19433	1915	19467	
19436	1013	19447	
19437	1199387	19444	
19442	479	19443	
19445	713	26105	
19448	1043	19495	
19454	832	19455	
19458	__none__	__none__	
19461	1384652	__none__	
19466	115	19472	
19471	260	19480	
19481	1193	__none__	
19487	5	22087	
19493	1174	19597	
19516	366	19521	
19517	4367	21841	
19519	834	__none__	
19553	1163	19835	
19589	1297	19596	
19604	1929	23556	
19611	1630	19614	
19653	33	19678	
19654	1951	19715	
19656	2260	19663	
19708	497	19716	
19713	__none__	19732	
19721	2086	19736	
19725	2266	19740	
19728	1683	19774	
19744	1545	30681	
19746	909	35250	
19758	__none__	__none__	
19766	1827	19804	
19772	1490	19778	
19773	1100	19784	
19786	1075	19920	
19787	277	19826	
19790	1688440	19805	
19803	91	19874	
19837	1915	20427	
19838	2148	20154	
19843	2275	20139	
19852	2084	1849792	
19883	287	19896	
19893	1288	19904	
19933	2260	19937	
19941	2285	19949	
19952	482	19983	
19953	2285	__none__	
19956	436255	23022	
19963	1030	1729083	
19970	2286	20000	
19988	2293	20029	
19995	184	20004	
20003	686	20682	
20021	2077	20215	
20034	1471	485304	
20040	1011	20058	
20047	1	21158	
20054	1190	20072	
20059	269	20132	
20061	271	20130	
20063	1335	26910	
20081	726	97091	
20084	832	985495	
20088	1870	20114	
20107	437	20118	
20127	486	20870	
20146	2260	__none__	
20148	2013	__none__	
20156	383	20175	
20168	271	20181	
20173	1975	20178	
20185	392	20200	
20198	40	20219	
20201	1744	__none__	
20206	1940	84997	
20207	206	20243	
20227	1486	20670	
20233	2313	25760	
20245	1801	20274	
20249	1907	20380	
20262	769	20271	
20263	1982	20438	
20267	1436	20270	
20272	1105	29042	
20281	1351	__none__	
20286	722	20293	
20298	2260	20306	
20309	1874	__none__	
20321	744	__none__	
20322	1585	20364	
20326	1782	20649	
20336	2171	20368	
20346	1595	20418	
20363	__none__	__none__	
20376	1100	__none__	
20386	380	24079	
20389	1453	33052	
20391	1946	20453	
20392	2086	20486	
20420	1120	21106	
20426	1343	21636	
20450	1508	20628	
20463	1797	20485	
20465	940	26691	
20467	1490	20495	
20478	2016	__none__	
20484	71	20538	
20510	1638	20645	
20511	1574	__none__	
20522	1769	29786760	
20529	2329	20631	
20533	1384652	20543	
20575	2104	20589	
20586	373	20737	
20587	1950	6800413	
20597	2025	20622	
20598	572	20605	
20611	1965	20625	
20627	547	20637	
20658	1490	20679	
20663	1793	20698	
20674	1190	20746	
20675	357	20678	
20684	689	20694	
20696	1084	37438	
20718	533	20904	
20722	375	26956	
20728	1321	20806	
20731	25	20792	
20734	2286	20784	
20744	1215	886149	
20762	2029	20777	
20765	1194	20793	
20778	1288	20779	
20782	1360	23056	
20787	381	20813	
20788	2134	__none__	
20791	2348	22173	
20794	1892	26957	
20797	1048	20949	
20811	1340	36983	
20814	1490	20885	
20821	1363	97553	
20840	357	20890	
20841	179	__none__	
20850	1120	36907	
20852	1164871	__none__	
20856	459	20871	
20861	1436	20982	
20876	109	20895	
20880	75	20901	
20882	1946	20894	
20899	1042	25178	
20910	1226	21035	
20912	1372	20994	
20923	636	21001	
20926	2078	20944	
20927	1914	20983	
20952	2338	704817	
20958	437	52347423	
20959	1490	20974	
20993	1610	21031	
